2518950454
718395457
1051598594
701897818835963904
1171849702716989440
1169119172573319168
1142380886450720768
881602625946480640
546441717
1116767892224249857
2221528088
1104811348549083139
192266108
941344851500650496
2438099480
74396308
1056296588358893568
953605531951878145
240439627
954315774654668800
1025173701334061056
1004023068942102528
1003828318871879680
214554629
21053813
991722240524906497
1125350642
736135395423977472
1593975716
981092280340746242
980422973160132608
980162434525736960
1563789895
4458469457
975047321510727680
972911131600867328
974607713920520194
3042608962
973172499214163968
969150911359651841
871269325
969994644821106690
3062098013
295839008
968137710832668672
967483195213172738
966668785179676673
959635382064308224
964906585968578567
964479192539762688
964090589573722112
1405763341
773098753964244992
3130654498
960431384505483264
958703529333592066
851453177597751296
953992271514529792
951959807971528707
1511717833
768891831358717953
951399017363197952
319851583
816657043188842500
948988578129997824
2971180361
45387156
4823945505
948145623756365824
946535770659151872
944486109832187904
137368854
945946032281616384
944255678897623040
943224480687689728
941240337728712704
940080533777743875
939533487736020993
939184014971240448
938967755277168640
223444071
902282113
936340968500023297
936182512417722368
935824482941448192
934386347535687682
2751810193
808311623450562560
759513636498968576
927784739347615744
882604454956158976
868943985536106496
551398580
923263894856052736
701745236628922368
917527125938368513
92797019
81305054
724607274535276545
873508958430015489
913176984171241472
456913780
381049522
3860580016
705077789368688640
89513059
324325172
16615331
905910373504745473
486084232
865555320453517315
718133127969943552
2576994630
902802662860738560
1273554012
4841313063
29310631
2240147165
4688597965
2749105029
849358429
402182064
710799586214977536
4053326722
897869920322682881
2244258193
897221511945363459
4018491605
895736633399619584
4243159019
413157975
1036914649
2796288925
1181735257
705463764489998336
891715873630769152
847408687731703808
2771501615
604725615
735835724566659073
2149834282
886596844754788352
3398786069
742999926867648512
753922756195024896
3308159814
744189898278707200
3197252205
1391935596
881037382170009601
29803839
703590291891216384
807306343895941120
748897544781099008
742117501472014337
21583472
757481765221109760
718338510558752768
49598883
1350323634
1430578412
763861438188355584
1663419708
2724166666
2775725799
707592218618552320
863436271536005121
2500074386
308007261
4692278712
859707302789754882
857351135551782917
1291187569
380083204
2899778652
1403044026
552228627
843763810150350848
2274953724
789837596390195200
3028288521
843474381871497218
3063884956
793091758057988096
760738554150580225
23840337
838848116329701376
3032245630
753543968034521088
2574765739
835594445852639232
3420031343
2174488209
801290220998115328
800573856951857152
92239628
826803945687416832
2845072718
812294061423988737
531122037
824079291755401217
404983510
586819047
709670916666630145
3369559851
794247687386304512
563777386
395326803
177115979
22651429
811497450854817792
738356348551860224
810925182898540544
748760692690300928
812383455174623232
811996862878253056
121739376
133849595
870485882
217096631
361716529
3401872102
364228619
729578643517808640
711300757463638017
490218850
3364107507
579880171
64033158
537186173
191835823
4008054737
390048295
20974574
3300271114
