82308673
28629443
732310050
731829948
38162204
621490098
127893231
608469995
219080819
335773711
731224987
327716133
725774407
731164220
731133864
728584394
730901064
728893676
27918353
730916138
726036534
381731249
380864674
19658373
618417679
730265714
730062116
391674506
350522038
338544001
591332355
480789349
91064447
729239726
729167978
120076446
15100096
595748672
619834658
719764134
572621779
175465898
728697546
704660269
180346471
728003149
727903128
28321414
477014108
726842556
635529620
393540115
726178837
725574997
720068700
724739905
718395457
352366644
724311559
724190036
397456453
198852910
625575869
722999616
528356770
514858246
501163130
722257386
387244389
591061975
722157331
721865372
284731853
702882979
393007512
629323165
470573240
720374946
40613475
720266550
464812820
719796344
624708944
381182969
269212107
386510351
719556336
634991046
274532918
718927514
462071962
28141971
314043640
452512619
634007256
454739468
718783039
456611744
381417128
513523542
108976867
506513497
718733587
718749439
716493942
575112883
467453769
718736004
357454846
385554502
38397749
170963726
472917531
20871938
380800548
718729861
152053379
272952751
351589449
282134899
718719654
295043725
718719019
718717326
164326003
588181450
571056355
564775497
718672916
497095960
165741407
180411644
718709444
718696356
718686012
345958441
369960103
424277762
718693914
50490144
508914540
327983793
718610682
363638839
718685708
718678381
494789327
112701461
380848470
288422018
471223662
323977882
434803608
718663975
216102230
718572620
20848965
718660496
718643552
22476468
170342467
499145403
718652384
718649924
636821477
480754920
119144992
82187574
75751120
445544452
187644288
96630287
416232983
501588636
718622551
718630278
718639494
603243530
718635487
718637786
718632085
718631240
718635674
350532622
432794493
224237872
614997514
718628910
630170883
582592987
718620259
492562044
472355176
49416954
718626242
342320260
718618766
718621915
166200471
452505719
718617930
707789209
718344488
718580119
312149227
167529715
718615608
718614774
482879481
718601820
26971826
701765108
718610954
227636374
634723070
86306562
718609015
362775659
718607114
718606152
718606118
718606046
321880105
547779220
718604510
470874723
718604287
615006158
591392068
286804284
718601377
467233038
718598857
718597500
718596936
22894517
624132828
437580137
559342712
40825729
118822272
380554749
718589600
718590295
718586701
718582158
23571953
235388839
279133978
625957572
718568989
42001552
292207107
718564711
210149109
459340607
718538540
562848630
363050601
187898069
718435242
444539813
381596495
42025797
597289435
718168538
717963697
717974934
717969769
717939205
627675137
717684175
26463912
717618463
531636313
717524402
712145215
380961475
489331316
337302218
714757340
270419622
716515932
535657348
380228953
399210791
714696781
595733858
714140732
714013688
324270660
712861242
630095127
712724353
614672642
712282435
452064127
710524135
712105046
440808412
422649108
711161346
95075766
329020373
710821154
528389405
710508194
354346466
586248252
582613737
709174117
22749803
283942145
708996505
336466940
701616750
707713710
23422617
706220634
564134138
341619885
627368499
231471517
221818929
705832224
705566040
180080610
386493385
389939423
704909316
514361638
136587943
703776079
617553685
703566962
527328004
703007834
586304306
702753919
702640868
701541001
381663639
576579715
247293206
217330133
431356505
637350205
581285323
37416302
426117081
36963801
631429303
637136528
368991896
637071069
230276383
636898315
636784403
631613660
593859946
629154119
636466257
636477500
556217320
636389827
129933048
263367616
160246469
565059228
28407865
367808734
635372719
470916865
141534639
635389183
381476721
405449035
635314756
635262362
634954113
420653370
477686196
634838360
634798906
634860180
379226725
441913608
379920540
634396190
193601919
634291889
634184658
630492641
375565335
634130988
626097783
381672027
627798426
20305397
553010379
489612018
23480762
627267449
211650943
633662882
633631517
454310975
255525878
418715699
618554127
632945743
453213049
464783686
633179843
618340751
613724400
621262231
633034578
407005711
632900029
107835372
632400472
411500393
347105809
538981615
632299608
629185216
629557734
412364884
390775570
187149191
631202765
89907518
629603801
631220895
631110802
631059155
631012541
162468662
492267972
345869310
626257681
584521078
564323026
541561771
423296867
630378031
599293035
101376101
122250947
494613177
605931392
25325748
413899512
554509105
630070113
561802016
611926718
629178416
511628853
307028651
629526454
457714265
182745917
628806093
521462835
246871001
236526504
628161569
628156700
11411382
600343418
608640543
592641871
338911242
627432180
627168123
32334748
611068489
626585109
626389712
626421447
626028539
594964441
625281374
392551241
608373016
505888518
271902226
561402669
623891931
624641546
318649402
26256942
610882391
623661148
352291014
553578505
621317227
171386916
622847551
621335768
598658909
622067284
621989636
621914093
129747099
372516645
621148330
621298219
497729973
621307932
557998841
467682208
514753419
620135014
617373463
41387960
502615762
619527416
619052844
612698109
31406186
391653548
602237682
618466343
398293118
616427932
609111434
157019512
86118531
617940724
618016782
618001323
617887562
595635013
617030093
609840601
293057932
616997108
77727174
616974954
565304601
616387075
616294245
616032350
616079418
487852629
615109739
614991874
596567724
612826596
431995015
591361326
612526818
383866495
614204281
69685023
559593476
72360951
262784385
561379680
612572902
612799654
229542728
490294309
285020820
477876917
610124489
339302395
436031251
611084568
610354045
610071444
610257348
407943047
405436791
586452487
564843164
609117464
418586786
599012857
608509556
608572491
544624332
608230120
552114005
607222752
607083838
605750087
25133765
606409431
26297869
78226804
101439301
606144775
18899358
122781977
395268664
605572343
141144862
604865842
604794733
604777828
604822860
604670524
604669154
604624901
604600897
602899052
604267439
598622810
603951436
26207418
603387352
603463665
603342689
603052567
603068456
216112685
603023572
10554
497995258
602673520
602050721
601953932
209648298
601915383
601740829
600093343
520018578
267175077
601195571
601245036
538432593
601106953
343498633
601003625
601028914
600806927
491445938
600486030
600560118
600377503
600218795
600146716
460925256
600006831
115243049
380831682
599911331
132587694
479657170
599684793
599537069
599577641
596351668
538133726
599497517
396797779
247217299
598276423
385286796
540163227
599003705
454245993
26516130
53062812
598580709
495345706
598509424
462900510
295810536
598289428
598274790
597832701
597726517
597428130
597369165
549307168
596672416
532956542
589069531
596577801
21317299
439221993
596276877
441039043
237645912
448407535
595712951
587187187
301898352
562859632
354962220
595467557
595403966
311294535
158546589
595178578
417441268
594514054
263805371
594533484
368544432
66966766
468796523
593121106
593988389
594022602
483680761
556193167
592900638
302537523
381204182
495837866
35481473
434098566
406396980
533027383
317227038
335426078
593569151
380875152
559789921
166234313
383868824
118227973
276505905
262543896
566244029
359895610
592846243
180413785
592774638
592650156
435111289
592169586
556608137
94799699
591734124
591228386
591168536
123116149
590762189
392257836
236492110
590265999
456534688
590040688
590004137
376656486
311313205
465470256
273328567
292154126
356282304
105109844
419013176
503459315
294249832
589173607
588543842
371894506
529701057
142753962
588941935
443737318
588306026
582069653
588580238
588417383
588475956
588363184
432365896
588243287
588151572
588102612
30024435
576891451
587795664
587684675
587673362
587645425
587625772
92254284
461847867
390974570
587283442
587343936
560120438
586704210
586962601
476150080
585814721
188892128
71833697
586645317
586653414
241104932
586639341
544057844
135984421
485721967
585810674
586048746
20508946
583176619
344285307
347781786
585895925
396069808
585955686
24660156
499171618
303740307
585716954
539370410
381441476
585662918
521547084
376144901
157672172
19589933
381163215
585026354
41081509
197406061
584210750
584163746
521552919
260445307
582713173
539397118
570349704
517543520
583604426
580751381
121280583
583363587
359876106
51187251
581167390
341184700
582967862
582780145
582897973
532283322
582737445
582654577
18304801
474599141
565522716
149169078
545497256
559526693
579604610
581549930
581608752
581432299
280021847
251020619
581202678
581107822
39727556
380982718
571655591
51220468
22027215
580944843
469354717
580897185
499989468
422044088
380870075
487536188
580337378
470560396
510585331
580071131
580001383
577467036
579785909
579751448
579756930
274936258
19713440
579097882
574092588
578875381
282652339
380251909
578716045
541799462
578408690
369041550
488684575
390358340
578174392
578198691
577966250
577868761
577811117
42099495
577403921
183408115
26328989
508880484
469654023
16203937
555402527
501583237
576391491
409109735
576175795
576247542
576210876
461290860
575993409
224131893
96848433
431865434
127313879
287126285
368268715
25800890
146504547
575486516
527409293
575414660
575385995
25133668
437046011
575228008
575134627
440344767
535111001
145394558
398182573
574774531
573722040
435966892
400277269
574765968
338511007
31377247
574711551
115324695
574576471
497519463
404715466
488745064
571707449
442095443
542613347
19177652
24961277
574413941
475933035
447967686
534083107
532923692
25159402
318459946
574348749
223935632
40511706
366752804
185575580
573984782
221671374
52893660
573971060
518220028
255597727
573836276
528889811
393610712
108707526
437733979
374020426
516042097
548570756
26849508
573661686
26455386
383949513
379934034
556071297
571732906
448127202
430505636
381479325
267369028
20368281
571670360
572911940
358092242
202627746
440308470
18173720
45363306
571236212
572374949
232883464
572112110
572154318
498112565
571806499
568250503
571709872
131193046
571102229
571080682
397456974
570830559
570715234
570635351
535861470
570597382
381502838
264068319
564960822
319803703
172463288
200248494
551640640
291627147
569746162
394195021
540977700
569472504
486646278
569378523
141686738
23289300
552858881
569119127
543668215
569176371
569089894
99744761
568908325
568558992
532325405
568434938
563913491
560266724
281456485
380818414
567986429
567726771
567614960
567561423
567459825
562216789
450585221
526581275
484216540
565340754
566864622
483965069
554601369
566623298
564363022
122006605
566650137
566457419
566253337
566227350
566074537
482928702
174963815
565819408
472299776
565556309
565485321
17964797
410671979
355747691
565100241
564954266
553043279
564790579
559991857
564492701
557433053
564730539
564575704
564541950
564389744
420954398
27901035
524539056
349126049
289482250
563996726
402930071
51579428
288443386
298691539
415523731
563663062
163113552
563657515
563736069
563574985
237709871
563227308
88973595
363522409
434445050
563030776
359808904
562954080
562869580
562904874
562787895
562686475
562539620
502666367
452521207
560401501
457679892
267306196
451443470
562145201
562186821
491413792
562035803
548474627
463906564
367922451
227193024
561410204
559716137
561242978
380233172
561136697
561102965
467926037
560988868
560934958
380970869
560598803
27979698
228637394
560477414
560489200
486780173
414686151
560335654
380279834
560260793
26529180
549245979
560164844
560139806
317681347
380881969
298195084
559923849
559839407
559293635
559807437
559722523
287266485
559664188
500705123
558716867
559387638
347086517
559299199
559230244
557985605
379905634
543646081
15594117
17042387
558662722
322600163
558707874
558618536
44568457
408485186
558478852
558482836
558527457
558511896
558228855
30497388
558066703
558097716
272628037
181957184
75816548
557897011
557883718
68955973
83624227
557797889
367168597
380986965
340057456
207527818
557279302
557315052
557184915
368573333
223150296
556969795
422524222
386429824
479481727
545815397
556584479
556367980
556352599
50656080
261374792
556307427
556083596
556048003
374452425
409170856
555398676
476111920
38493664
466933747
351638657
25553788
555487215
431991765
254257650
500110935
555338966
555249091
165457359
555240226
126359321
419425491
555068975
314978826
377417244
364301801
118696402
554951548
555011160
554908190
554883138
554721802
554790216
283470954
29463945
554609645
553008285
554401750
554322869
554537025
392776033
423508573
15550961
49293807
554339714
554410980
282961716
413096720
554404242
467864272
317128282
554276260
554306229
554212955
553895402
547853456
360982059
553516513
455155193
553559052
553537143
552636293
385389292
553383568
552169271
553362582
553079917
542594112
552927506
552917558
334295888
552819643
62980861
515535249
552513119
552516262
30334813
552179386
104830446
551828516
551923481
435132979
552105428
314495376
461511622
33039658
552136653
127587939
148074762
550773535
546911343
459571458
551379026
451595878
551390490
466361568
551963958
551756366
551815860
494405587
505931298
25900462
551317928
551339289
551296201
422062359
551232790
551140025
10713172
551073839
550416422
551058875
391633844
550853797
59255308
550213035
550795753
21210748
544653093
457656185
194924132
422051721
550318591
550591035
550508234
425304096
550364845
536078110
538250619
550432800
545250276
461495736
550288673
550298576
326647067
180910705
550153387
440990156
550208712
550073508
32712092
123930109
46117935
54584486
450729947
383969794
535584454
449665761
27019855
346776657
386657873
488434835
274712629
172687606
546808857
549527148
12874322
293515570
476586273
253674412
365304586
496083233
549336220
450966048
547729375
20516098
549278006
549153808
549149467
549086204
549121632
549153834
548678404
548661776
548660092
548713647
46366291
544175306
34578343
53767627
548457000
338180552
548233804
548256795
547673498
439899171
547730528
547725852
547644686
372195882
297884421
165895921
547639560
22400078
547389788
454313117
262359763
547069250
371266716
532585528
454020309
547127331
34391688
546883275
265041126
546970232
512414357
546441717
546815936
440207261
139330087
45547558
546698291
498242217
521485991
534695375
546626864
83886207
36917440
180790432
541005714
495856835
262326207
140555709
546033058
465005265
545793634
545791784
91868543
545542478
545453566
545449129
536184002
545441987
545352334
269267646
545141658
545018276
364783862
544960416
544948509
544514302
544645798
544677477
544561714
514313559
385092557
142238989
544457108
544526100
222170157
544405198
511922133
535564374
544305273
291141865
544288446
523052157
537449144
132157676
369863145
542857115
544049611
380216837
518365608
439074574
543664256
543721776
396490970
542744957
543585114
374623064
465339129
189943599
543354269
543411906
422790466
541405717
542951198
493140403
542838734
296442622
87037808
456896381
95291589
542774452
31714659
356923611
542784687
502146974
112843552
541537103
532533680
542471907
542546153
490281818
114781207
542517289
406483228
360497178
434628670
542453470
67820033
297527170
78587237
542423010
415451294
107812980
301948102
542080711
424915157
373435557
542038372
197591593
535644305
193431844
198578237
527387241
541566182
41671602
483987332
533562765
541599380
541613781
541459669
532057407
190572564
528812655
394732000
388773908
50303564
541137621
541038402
231231501
540858193
35178802
540952902
445532620
540775279
380842274
466363592
429085939
540764460
510366603
381128016
511579460
320744085
540621605
540594685
404078022
425775294
540354676
540171963
532065289
539933319
521419107
133786821
380984279
537557534
424179742
155320655
342400981
21850033
266011204
395160160
361311069
539055899
497273468
538966187
538939672
538900358
333631679
501736226
538911696
537971477
538809061
528404710
290643590
534290632
34642702
500845760
486635949
353652172
537429284
164790461
368583367
29400150
250382936
538241621
538208887
538201412
538178710
538177322
524299590
85397860
420153478
401495971
538184571
409234548
527361815
237250628
537995420
465587778
117085885
354866741
516855801
536555470
537669819
523083789
537241157
360709849
455114050
228479312
495810330
426075603
339007316
521773965
537512307
436575284
32607953
74527356
30002219
537559287
478880907
55225463
106734322
67266386
37966515
537505719
41619459
474846731
266841999
148830783
79131942
83935330
536757567
223080069
537437154
25161812
200462301
376396784
275212728
248857937
299012176
33942688
537333763
410055499
21342399
461937111
279962626
367982054
155265150
33589513
200609775
483708347
431058773
537195380
519817003
537228771
537200238
537194403
252102607
29050180
92118871
236127129
116451083
484202065
495908193
382745486
19584257
21211268
49969649
109527714
333891145
113355925
431890838
246907437
154302795
333390157
488357049
414228790
453471012
483871425
418238919
441813759
536742807
156245899
510021515
26462952
212677437
518968324
350578591
65637010
291670814
504510948
291871297
333913133
384447357
299919107
191989299
436829821
82391442
262196341
249134528
445814813
433748882
129204177
427510058
428021586
143190602
49976029
33590136
466480417
300248470
401716065
413834942
192675811
437857994
436273615
493289359
313474416
483713232
272043021
357624522
367742831
536588152
30843901
510223355
283638037
249842551
22343117
102664287
459327919
216084464
296360553
379992110
25707059
213375869
398747915
14123162
155260754
484122073
99525632
418756780
470543638
433581401
234779324
34227322
236832559
291577627
392613063
354874112
381574622
403586430
189055357
407934213
469131443
327324761
113436843
536628576
405132548
110142520
536373207
535230394
535706926
535749575
17514774
535529150
507879635
535389652
535319404
429024226
417110587
534074530
534797166
481065596
534676426
533541183
534649074
348538829
370003523
523530001
382357733
532353248
532603370
491139673
534119118
534006484
533759964
533619731
41785808
359440835
533087377
533481830
499029674
464619829
299585364
280672217
469612812
533250444
533093911
533061838
109341002
533091216
533061312
296458935
344340346
383986923
106438604
532650690
532652082
517413852
532542383
235517447
524292874
464113901
382126372
532333727
308129895
532240274
531189961
531728483
531777756
531708442
380872954
531679676
504557621
531448906
339821661
531553648
381961154
531512081
529749912
38633709
424838051
531461151
116717430
500080250
300132679
531053197
465107269
256677955
530961835
528800454
276661896
396675083
529685602
465795618
529664806
529635586
529610993
383875611
529480476
391343510
278972561
289832848
529426728
382405578
476206745
529379328
383206062
528824151
247282507
492269307
529272591
145463316
526533164
529219420
356229532
115310250
125936590
354184971
339652369
449686001
243757742
528669296
528753620
528729653
152208380
528709527
528681562
528679581
456913780
528669194
357481181
527834601
193413991
528613306
504965682
387754768
528549370
528529357
378865757
528474012
189100612
481114873
528393908
64523236
394296893
17534432
442666029
164752794
527623816
527866873
383330406
470555817
518254769
509053288
527712310
527690338
527622614
285622602
527587717
527192045
192908794
527528092
527410547
517507361
93365266
305635192
499563167
381053068
526882477
379931501
148690989
526085872
525133208
526778096
493523194
237854191
470291773
495759776
526638786
526590720
526534288
522455249
155807112
88630758
85776465
485117488
526242761
526228056
526220601
496859982
484199167
473020952
507307892
341370906
525506268
525422054
525352123
381473787
29438637
451597937
524707345
98645917
525105455
373512069
520698131
297537263
524565944
187932378
47896112
454776830
514615208
469809295
524320228
524595257
524515897
72645466
407832323
524419181
389967539
522150472
524130151
487708410
382713144
381710544
251500942
288137767
267848896
352860351
400124775
216532472
523162846
480623400
523240160
523170355
470584301
521578490
492491631
522527963
522462446
37142944
522342794
522266116
311477954
522129130
522126052
149418874
511541181
521784417
500654356
517861147
458515460
521598029
521559600
521486839
183349474
521428390
259911325
436657023
521219304
521218890
339233404
520246967
316419925
295300603
273102287
262411303
520843119
520680801
520786898
520761947
516820705
44863381
504536888
26055152
512548068
520386889
520367939
520343499
519671286
36332550
519315010
520196377
253542401
345379839
470606326
519695813
519609702
498891057
414945425
519501524
519446112
34602368
519345666
519295011
187450464
244138728
519013199
518871591
518829745
518818617
22948874
518748785
518630895
514816274
518405884
296416098
289909195
102979029
334819768
517980073
517967067
517963671
517912994
517788579
517882081
481156947
73982695
517715129
517703949
517675677
517607555
281452965
71999370
517485628
74982944
403039722
517416315
517411653
515275110
471542216
511991949
47975554
516873166
516869850
516845275
186123973
24861205
516673861
516617687
292546589
515778425
516530649
516480091
510748258
516308911
516390627
515266319
516360458
516328002
236375975
516333757
423416866
422773483
127216162
493528980
498145472
257860476
118776994
466691111
382583648
515743888
515667228
515628678
194495596
515439282
329927585
515409007
515294768
515243871
239974392
16480512
495088369
102255630
515187178
515180162
21113844
514989102
514819433
254608498
514804205
384388971
514719231
514705602
359370143
514647146
464853451
514639660
342076075
43221339
40909998
514572436
428642873
248761653
421994793
510747031
135585664
380806313
514270444
70837781
514135181
291012524
461627843
348517657
498638365
412202602
513372841
513185828
465902377
495849595
512936803
430297836
358708921
512549639
512474144
509054693
512426737
509389197
512225903
512162991
447300158
512058275
380993760
511595004
511648718
510553032
176762823
492605684
509933767
454404610
282993358
510504907
409403502
509367108
510243109
480163212
510058238
509991867
227007463
509926808
22897441
19240838
221784779
509705426
118787995
508875733
509136615
509116803
405752342
16303450
478807942
415102043
385033488
184097153
456915008
498023250
489319322
356357005
214435179
506670428
508542941
491968719
507642569
373212508
491502152
36303322
504485713
216284959
507732471
322465492
507590212
507100159
507360620
343945647
298421921
507230706
507092048
507065140
381432095
506805285
58000233
63291769
506570314
150250344
292192567
353820241
402823413
505859256
505681121
504944703
505614931
503329402
386729272
324529554
504078402
164465373
504674048
503398381
503544026
503426420
502065424
503464294
503072066
503267012
503258344
382224521
54305017
503150108
171630623
503029747
65895634
24262428
28477425
496303984
502075437
24676492
126571017
500914196
404940483
501858458
501853022
501728866
501634757
501592814
501164317
443796883
500980020
500972165
500891105
498132882
352902992
500717830
500697949
295527183
499716007
500517573
500341183
233549308
500121534
229408805
500110744
299322026
470568987
499899352
499824857
499790000
474029993
499712168
382872723
499124538
61727330
499353318
499039692
497985472
499180495
499157013
99671928
499049162
183311323
493545605
232736174
497846111
498768075
372705558
498727693
498711892
397369388
498706036
498707906
498693652
142946518
469206105
406314430
498276248
498274839
498257522
498243409
497904281
465006536
498179259
490502669
489550780
291079890
379634294
164714799
497954827
497954218
463246640
497810384
483241216
497393561
494377969
497067660
497376987
380819675
497176745
494361222
497137139
494733213
497056557
496923514
497022850
201721601
19995425
208846560
496635553
496586823
496019817
496501847
380856096
47137434
496275388
496262177
496238916
496239389
382834974
443672190
496127801
479499430
495342436
20439343
495935547
364419128
140460290
495306923
14245626
494457737
495668084
495239438
375277591
495211198
495107423
495070070
458588979
488682391
491119869
113286520
494550965
438462556
449003739
104875820
494391205
433975306
479872623
493845074
494241890
494246130
494211526
492559447
494100988
494086314
494036335
493976766
493962243
418024340
493871808
493866856
31103981
380826636
291580789
493422605
489536693
493342772
493339755
203900420
489407282
120821566
86910677
493161643
493126529
19653560
493054163
257587419
493007848
493009806
28698390
492991551
492962442
353689116
492750181
418776144
23049649
490217757
492545299
491337184
492496156
492494186
9877492
492441275
161682008
371259589
492293325
471089092
492224122
492098308
492212770
492074757
492011242
491531075
357476485
413456176
454848247
380948793
489792857
383269939
491403732
464554639
290655194
114012434
317872048
472903284
382760777
456932305
363019108
491167049
315200648
491122175
488794200
490808941
490599580
296382539
490284950
489223376
490218850
490464208
490435439
474938249
490356816
488537819
490301238
489718701
490196334
489213665
483025646
487822008
489786143
316640797
489585396
262320998
489472073
454692687
489488968
371944229
270950076
489386503
359027743
489374314
489372373
489338253
489334275
489322572
489282904
489274581
20469631
489233422
288274293
488898754
396529078
488772059
405010781
488708809
26042063
487793912
466882540
137818146
58461710
488323805
387833894
488269293
478203883
487912568
487854893
485918835
391996887
422666520
487719357
352619461
487457745
487491282
474787378
487382635
487026039
486966273
486950501
486026443
463755009
100972596
176505770
486702123
486696220
486646827
486618496
263246383
237283131
486527745
486502404
432249088
29661141
424624791
392375403
481119290
125067209
482372503
441798583
231943528
464879883
414961083
485812324
485794099
392303860
485512284
451669950
485599524
484706059
485582942
475254236
485480942
342710494
51891305
300275976
485064510
484770063
389669146
408859121
191192677
484814881
452020083
484756586
342171267
472125864
484619892
484650830
477843603
463135009
483425104
473852991
473456618
305560186
106685169
24504079
305503349
483071780
484029490
484032511
484014239
483987650
468614799
138494160
390043423
469462071
483854032
483832873
449602528
45298709
67724609
483748618
483738725
457716285
483660250
394316746
352283116
242251088
340982584
332922680
483511055
173540071
236403040
41809374
412152031
194690012
483139874
357717179
331614846
483002783
482987902
370228459
434459238
380985030
482168347
482945941
482944891
211927439
135918500
482905156
482893128
482893238
482888719
213206509
177852735
482883214
480333680
79969068
482873578
381386111
482870086
482861661
19061720
482842826
154188031
482840604
404348369
286287303
482801970
380813635
482789854
52716565
357620218
266811436
268167798
31924128
482542009
482437366
482439586
454308974
482367081
478543743
473368338
482314148
262569255
482322303
482317947
347340632
65124348
482241621
482220475
465089449
482139779
230975720
111679533
481986273
481923871
481906421
481886331
255937122
414880336
481586792
481513965
379756591
474149465
481426383
424961394
53060922
97525733
132571273
481326559
399354779
481115946
481054519
460271565
18983341
448232435
480770226
445735353
480704134
480695456
480644127
480605670
200000199
479916821
38282993
374990571
480335956
480263211
478573923
479893837
479755614
479801393
479864358
424177223
479847693
358261921
477949965
379951801
479406891
479365854
403981024
273512717
479072063
441890690
478979026
478970903
478961442
478908753
180079420
226926171
325718316
478747180
406309065
478642167
478633201
478445952
389702765
367244435
25916426
478362264
384980224
185291080
401541841
236890918
470417560
478034588
109298312
49991397
350418797
477951381
477853699
477898353
477827109
477787627
105838828
471171394
476880967
477750178
405217943
85350425
477606401
380765612
477602483
477586417
356695092
175644823
477254001
394601536
477096122
425749810
477010734
476950132
475927790
464292188
476588137
261742666
476546714
476445739
340489167
474872191
473205703
476070751
402253938
471275645
475844003
475811719
475810484
475062415
131201672
475100219
177908443
475374030
475376063
458697906
427834653
473181429
475143484
475133752
470327076
475029778
475015683
474992058
47440443
381522944
473843523
68911721
474866219
474820421
474645818
422511661
67982399
380962757
474280516
466538017
474193050
473762800
465800024
474013285
474059619
115152468
272618201
379054815
441214204
470868481
473758981
25380094
398735108
473716385
473674442
470610882
473199019
473309941
25504900
444468569
227030945
473179789
436976515
350834900
469630351
461349787
473093140
472903805
473041468
472952170
175342751
472904802
472850022
472816135
472797689
381203339
179908155
74725710
472721091
472717928
472713344
237626009
20515660
346735136
378255946
472425851
469386728
472365725
300408458
428628225
468555102
471959741
472278328
353066520
421696412
472178911
472199007
472166971
159396243
294241527
122356701
380952154
472051094
472048395
472037363
356828751
256515676
471914660
382753127
27832224
471880498
471864722
385587242
89735163
400805127
72199069
471737832
471530614
471486528
470289013
469488511
467793528
135571356
471394875
471305693
324416334
446331101
470709702
142785378
462888502
470881209
469149532
471009629
470998267
470980003
466571664
470925479
470857002
462905986
368973727
400981023
330976870
470540648
405671077
470506047
339743206
470486752
470399944
470323439
411613465
383630668
470220333
116418997
136007810
469475022
470073629
401355751
436315416
469805172
466363673
397946498
468119349
176189057
469488027
383676948
397836051
284773237
217884322
469358203
469323305
468979776
147886711
123980210
469182595
469124840
466550590
44132117
456630309
468820374
381995596
394602398
444439675
468758175
425288266
381506327
468626351
468648047
463935568
445570612
270192898
468042986
364597591
440768071
467804369
467761310
466824313
229196805
282422551
467636660
380907790
467499770
467416357
467360122
467349663
419903584
467276532
408713363
383222866
195117636
466850044
302031518
466786153
465640082
19623693
465544152
413510065
466556725
466537369
464079118
217221615
270293345
300278311
465607515
466372211
466349866
431912905
304337944
48370203
389995789
329913043
465783299
465768915
182876208
465736184
369725707
394755962
465640843
465630174
440977399
465604175
116320138
465192038
465503987
465473467
415151393
392695504
465370443
14068916
438393518
465312772
359976771
455791766
465041485
464971901
24499112
390146278
419806446
464871746
440058027
464773245
464737574
393001147
464551635
463936683
464410914
464090904
464236979
464207707
454797749
364481124
464159571
349284444
217096631
320746760
258475958
463833099
463830272
35801985
463822061
59253367
32338666
463201263
463153882
459196403
463117018
19835336
452855171
463009683
55382819
445515500
403971333
462815551
462655244
456008868
293768501
462490482
462180320
404089147
187261930
332875685
421322968
425349061
462289497
245284805
445508685
61265937
285582647
462017664
332665650
408383639
391336713
85921352
455224629
461470615
27712334
25277737
461308150
267366956
456142270
103329074
91072989
460370183
381496996
393981218
461071535
89419774
120647275
431518731
420111635
460475798
281982152
111680905
460459137
460435586
263638543
329281419
457675492
460342460
435860307
380238609
423611943
459431277
459913414
380454346
20974574
459691443
329545804
426812242
459584147
459501416
396789477
415562620
231732944
459316664
459376088
379656481
459341159
459318423
293945889
459048455
459264569
459209412
433230711
425996952
386074454
25053206
253488844
26765014
233505079
459094682
459085808
459088019
312637929
434307886
371439166
240658654
445554809
458777614
433673913
14281736
458736085
415903481
421445942
458718325
339309315
263727941
383137475
457077193
458633578
458615343
458500179
458578013
434016090
182898664
66471192
328524908
439440573
66748080
253566984
341627686
457835807
421977247
454300997
457706910
457569378
18764124
457342377
457290568
22032869
404442072
457174405
456761400
325171794
452072082
456788551
363724182
456755837
455672012
456687402
373912255
352170400
456562324
90810246
455706533
398509747
401980394
45346986
399527713
275183333
418157164
414722595
437722926
455793334
455757853
347803186
107199913
455703015
344784043
452174580
140938475
36036522
350736900
317029633
417867781
147973768
344870876
429156806
315840881
454352595
454939669
269263812
329208138
454724134
317461374
372699537
436193899
291832615
31448568
151653168
454255198
451796797
453965887
338309451
454053500
422172323
137964096
37017190
366088094
426746986
453510363
453396345
453381046
57582261
199770568
126612459
138909007
28392742
247220721
188654181
442194919
452987923
356349438
8034302
250281987
452332215
452456913
452351455
409795340
430824661
250452497
175772293
98094963
416128110
45387156
452282754
452258413
452179684
452154839
365323747
452140896
443838236
452121462
452064666
380890772
272056165
24858785
396888576
451753320
396444512
451497299
105729419
437576006
186204642
378767816
450605801
362592165
450483102
20161773
450084459
450085689
449649018
450051237
408726521
450002034
435091175
435832926
449280177
380835636
405011867
49306791
370105216
431055059
381057265
351653218
410987401
404114346
447775921
447728741
217219045
446481332
445838636
78230016
380893371
437829286
445488490
392361396
445412310
420521132
32733002
444889377
241065238
444697719
163163294
444153423
276010725
442537298
441177479
154095869
413391407
286844207
442996431
251663520
442942570
288921929
442805236
442702886
264334350
380987194
442651476
442639569
304289498
441302577
301398634
37894244
441689280
441303135
172664115
441185778
441155252
429103758
440874355
380998897
440585350
440112515
123536907
398863112
224571228
343207354
266722326
381653311
439936202
439243449
438471147
303902444
203967425
439235741
439077563
439012775
408643029
161979751
438699840
438675816
431941615
438372982
438319592
438290654
291207573
129359016
380861335
405465151
44399766
352450347
163823646
437567496
21382025
437065569
433472201
436865069
218421674
436851461
428452778
154084895
436614522
436256940
436147357
435781714
420542146
431558415
49749849
435671431
379079099
435259029
435262600
414195802
435220374
435046104
434448687
434962996
434814643
382318373
418468481
427285208
434386033
365444950
434313827
434152171
404897363
213595603
433705528
335267282
171180736
433703860
433727960
390207411
433597471
433350755
433309927
40710122
409340735
432681264
295070743
191835823
432279299
432272195
402592308
432055925
431400593
420906861
431992560
381096978
364141591
24164481
430972097
429410185
426102658
430689121
430151137
429634825
430120214
422902265
429875098
429844530
94337339
428149200
429417731
429405493
45847406
429361677
428551352
374114475
429058160
429056322
428962138
380839238
428927200
428888970
428205110
427265812
381674662
428526254
122926650
260892007
428409285
428339421
379963081
367095600
15249016
419907042
427902302
427304311
427529016
395227743
426106918
427300894
340416270
426970479
426702981
426546255
426550290
293144625
426476429
150410944
48002701
426231579
263683508
42676318
426009914
425087100
425052173
425661468
423518496
350332292
425376432
381080396
424971189
424965178
424885099
116810659
19837767
424840911
381282081
390636166
192925622
424420897
47561859
356886781
424350029
424281125
424244410
20505522
424146001
381452531
423657451
422930285
423620220
330996671
421112490
293658641
423374486
366686641
423290319
381504062
407980864
422974193
422867865
422614958
422596909
380969415
237869158
31488024
331490714
422014157
175764916
404361465
118428653
421679199
421476774
421282091
379632440
421239288
402983198
420930494
122916715
315818744
271113869
24859865
420117799
45097033
315788965
65037812
415034404
371867736
419744505
403631880
409074996
419640461
44622774
115057889
153460417
20757205
419428118
419320849
419199993
227827880
418565399
399940177
381162527
222926625
418131960
418108905
43342219
400782767
417582735
417710295
416957756
299672424
46471556
26215095
372939493
415661727
391509565
396072773
415586653
362561832
351594923
51700473
415401685
415359611
336734437
402890904
91842587
339357075
288238217
190930079
405421798
412517187
406643349
408410097
413433080
413315786
413261554
413204169
413181606
413008789
179886334
409520768
380857067
351900745
412486620
412370461
255943441
386687335
412011521
278050915
403367463
410851714
224797097
379979587
405487350
409547085
361249084
410843928
409945729
322164356
410289200
276135852
410154464
409551510
397563317
164773341
167443515
407733351
409352652
269958792
22007087
352632608
407770141
408742276
406353961
44716390
408561907
408449656
402283339
243192619
396223358
408041205
381972864
379678644
363870455
365556031
287312472
381600082
407826399
46484961
407252034
396787351
381450311
407678654
98594652
382600255
407656894
90230459
22472746
379971386
30501226
381417629
28980653
342259675
407191936
406981156
406883761
403330329
405032236
406451333
62798459
406356056
351524841
405599028
405982017
405769582
405718979
402697637
405205130
405206866
24668825
401236011
404712440
16045326
295911534
398981289
399313429
361855698
49277647
389797216
403653767
380256380
403408623
403300682
25494005
400299752
69816477
35698889
401937603
220580918
401723127
284687042
401606777
400261287
401548752
401531717
211118385
401260422
400982621
400910865
400871731
336479751
400744236
400723728
182845492
400484824
400303953
400228306
400249444
34592820
19108113
396818018
399451174
399394358
399325719
289235411
201698011
142000231
387815476
398955356
395536038
175723231
398774216
391949534
398620531
234869796
397881583
398269641
398276505
385594620
241501970
371408474
392777208
398018423
341508482
397926314
397835007
397636303
397076784
397425201
159994705
342093653
370322552
21774710
350346420
388896400
334068347
173739645
20131740
397145853
70130524
397062568
396609547
383375766
90616362
117699113
396601969
396575129
396561684
380984873
396411384
305488246
225932504
202806092
395816168
231943731
102451272
395588792
381111861
395489303
233326889
110873936
76507139
394974761
394930610
25974273
152821487
390274558
381151931
383372960
392106062
386464123
234276957
394183877
393878912
381958353
267294163
350157222
269506085
394235630
377914105
386167250
393578267
125367317
119711955
263701829
31429666
298577569
393689406
28126550
351501904
379946931
166517967
393639329
227050879
364296808
392665064
24927562
381108097
255020630
29002002
393255292
304564607
388252693
321667021
283562129
392780172
104450031
392745894
392675648
392586400
293562796
308724105
392216529
274013497
392163506
198998535
392100570
392092164
275433737
380188133
381162424
391957502
340491881
391601559
391340301
381031450
350849326
390851509
255425923
390721469
390869405
390746164
335585090
390636330
390086317
390571815
59615255
314014519
284459211
227381984
23987094
389882928
390062349
390048295
389998331
176450048
108461800
313498547
389639127
78556970
389542586
235568397
389434341
389394649
389361103
389339701
127879565
244673741
381693071
124847670
388979307
388480516
380865364
388523926
154493407
388398684
322682616
388312962
47140557
249516764
141553369
300910764
387841420
387812652
246337545
254420793
184625647
387250538
387144163
386988528
292227182
386672062
381113967
183598325
386189783
386120748
105108402
386020025
385993200
208174425
324369501
385866885
374169373
228179882
27239257
385603542
272134128
381861525
385339215
382741806
342858518
264967914
258068651
384426393
381591189
384922481
384933562
380836058
369997931
384861154
384788276
43960221
384752371
384737179
384734799
345954344
384466011
264009873
378738392
350883647
142361371
365642508
380846226
278170358
301469722
24675790
330878530
190987863
384251880
153770741
384183203
384010847
383735611
175744450
74708164
125124215
383694426
383785264
383743820
351539671
97054097
383184588
380974905
382889820
59733507
21284024
351508097
382713696
75524772
380888291
381065586
381439115
38224232
382557255
382548580
141162297
382302685
34566727
255091676
382103851
382191611
43149875
381088309
381674936
25678952
269842367
262099044
364228619
372239772
380522271
130246818
98428591
381655918
247899372
381627705
330201926
49931104
381406171
381465320
285806244
381386915
381438795
381431802
380252671
373866827
226771083
380986662
381411840
26731665
381078818
70423230
380797744
381378426
371900175
380933962
150174432
381312434
381269385
381205948
381192590
381176431
381176006
381161104
381151524
381141200
380973291
381126063
379947229
381089590
381053300
381054645
221003730
380892366
381020232
381018478
380982237
380958992
380948148
100017643
348419734
380868896
356216203
102612606
380202041
109682825
380842579
380828048
45227283
380835422
57430849
217001877
380809912
195677408
380805606
380792463
374932056
380751202
373652742
380563291
374180324
380550038
380499651
380083204
333395290
380378456
380372306
9631572
380334519
24670622
380157208
25258534
228890595
27873585
280073405
109567033
379950725
151557105
366696674
45005593
356085512
332298644
214281668
379035770
371628541
379359702
376748717
258702456
326948659
379378941
25477334
313478958
289349290
378523205
17546066
55431162
378200600
148697431
109127585
363903028
376086379
240439627
282706846
175686507
377229408
376969053
194654696
145520362
376257320
376413523
262589455
302994135
97954029
373511429
101493930
300159436
36205351
305083301
374162203
364839007
104555827
342349960
375765638
265553532
86145467
181848356
38253528
375702001
363306541
343019418
6295842
62603200
164747567
154191874
374656242
244636071
183225477
322569221
374251180
287898142
373975286
193743587
247519204
239729759
373540275
373524691
359927257
303945299
315473346
253072172
265570537
175751214
19813742
147131948
320380508
19530784
372395122
328443004
365479472
256451354
371716707
24430532
371890008
371726174
331026391
365662155
371386362
233475329
371465679
370759231
362445547
351778122
307809976
240640895
275414413
370695715
370692115
370162839
281247118
70397884
178669687
363831346
370174828
370156405
365361445
262823142
369755524
367327553
327053714
369704343
276462918
277537082
369489901
49003166
270974441
25265750
58062439
51362589
129767330
368398497
30919842
368900585
368911076
368891587
368436009
29283628
367351540
363544267
356454178
19719396
288637340
367998738
367657087
264084845
338940543
213435764
357779225
367381081
241324482
43961501
366471509
366197888
139650008
366049562
365694839
366016314
365980726
365959756
365948575
365935524
365923523
177508396
351579683
255656940
44875745
125248723
365609357
365519277
212939012
186754376
46345803
240627592
362777097
364405359
363818465
364869847
213620165
248683662
20693653
257689493
205815913
26706073
24963276
37667379
185628348
362349729
364768154
364160207
364721778
27953172
351700148
109531963
364429659
364211289
253973218
347127985
39963920
349883763
132820260
363779635
363668587
77294448
101514355
363212569
351673054
340567208
349710056
291709255
196808523
344946245
250212518
361716529
163183638
26791557
280862122
328045441
112058392
361965482
54837813
361922122
311580018
100987386
352594862
25256757
183576685
180071153
18805702
356809819
361179759
207682890
71228414
317327214
360798710
360777043
336631031
313193058
19482915
360595329
262122417
221116665
268708642
300247962
90918790
350789029
199405833
272990071
346547396
359524744
220392478
71377296
189359059
165040880
148647085
104642951
359337707
359251717
357657258
343538612
351900861
56142679
85260753
358749792
173087412
355700461
358333067
358012544
358097839
357826726
131591710
357714013
357630992
357620611
14049356
26173983
357492920
294756746
19643874
346563056
96547981
355785891
254167651
356731745
356476103
327438738
244079585
18820359
285684149
199326804
288445990
18075310
338172434
353602162
83198411
21662041
26105098
324522198
306968361
193441632
346150349
151116746
233197520
354245278
287287873
354187119
341537253
330460768
353903683
353840194
292953089
101043739
351339987
349597244
303712781
353138208
28963094
26316456
27831117
304639440
328566346
266712815
27037236
339937914
351536587
160838047
95987939
293514274
351859588
327363008
307399782
351130493
351717368
64033158
92360466
301118014
288857205
22651429
284653038
351601099
351547855
232728257
349184318
348349799
65901104
351062393
351107284
281373804
351028248
243510366
235711902
348053678
94856246
68957817
101711665
350806634
280221097
350947287
316474603
350929732
278520528
350220445
322933471
173754695
350914104
315163608
282482458
350834457
350808566
350774355
237798357
350749418
92465902
349911662
253231025
349140761
317838035
19813500
225744972
25385960
129325135
177159924
348474576
174897670
256404382
304077330
348127012
113592399
347979532
336465007
21053813
273861830
38115882
347431877
200010413
306821038
347093129
347077002
22468774
346764534
338209214
179123147
346699033
16103613
266620169
324183464
226666101
95957695
276493306
346512047
346146386
108070687
306655632
241284649
40863384
345945368
345982387
264304334
135976616
19082563
47958435
41846907
345579657
289261864
250315994
99548142
242403821
345337443
20298549
60846279
344909271
94782431
272331007
344746696
286356061
264698739
344574846
344329105
344288567
344266405
343995129
344062294
276935879
151094317
342947099
190340765
339552535
230415386
266488569
342209376
237209718
342094726
221279099
19776255
193229954
339660116
331819484
265066121
20504015
48429943
109555118
37964931
304869344
120128373
336213984
340364501
340382653
24587619
62126826
102118059
339593870
339583524
196085007
239982968
16328986
14670378
297279842
26099173
196751790
122116391
338267979
25051039
114454608
336448534
328972793
325097519
173503768
327252148
20934815
81197616
321641846
254238772
96171699
335186986
335269403
335016868
189475142
314207256
29729617
334659934
333960126
19759104
333437901
334259985
147214402
333945172
278540665
18194033
203659738
254216305
49596411
287256893
25492419
89026195
328112008
330396382
292294895
329600696
329240891
113473263
322581399
62103597
326939884
328147503
59116833
326406728
223994112
25835814
199683534
233300804
23447598
92724045
226221498
145137141
158720169
29174021
300463480
323339260
323331497
323923993
71383901
323095076
213418419
322627171
21176359
36315780
320663607
71537315
317510933
314808437
320664748
112456453
319814654
228136185
21690681
317255735
313617966
311465715
133438669
286902743
315731085
315104959
314827373
314448523
314446400
260518650
92239628
93972867
312293905
245888911
294368468
223761270
309607051
79952642
306776574
165806142
26477395
308404685
205873741
22493842
21443901
20225550
306153791
19372270
300965959
191858946
301125350
304490446
269501314
45665389
304318819
302104894
228647169
299081966
279234092
31772480
296946403
34266928
228864987
233940537
286724465
72807085
29408024
20224368
288871532
275288387
33905566
129818349
18632084
267410617
25480981
89892108
25255519
299312835
300843927
287900229
18896392
133625809
155900637
300733444
293505385
299867351
148052226
15636984
23631207
20903018
20227685
62976519
88465485
65018289
299855641
186583981
243118576
28876444
243551360
153128445
167210973
251660531
25905341
234129494
42944285
227244448
299154777
207399945
76685029
297900072
298117619
200577272
299092903
109548748
196277764
116879334
24348819
153324524
31432842
24584790
24978162
157797593
116617965
298564092
116770382
201777008
118780146
282736339
246457597
242383542
268761561
297470047
109568015
262305388
298031415
277478300
297895945
27854043
152929534
253800788
297620896
261643734
24664821
18262403
155819015
297514642
297500675
242538036
297499201
281209979
82836878
107015633
119639662
284011880
297414101
93045698
142615132
240842100
263690946
275704370
94333049
208284172
152953847
291742274
86331387
92263305
172839764
89223737
297358702
44167846
109547104
176740283
292799877
18174386
297333142
29658576
275427694
92568792
105259402
28868969
17893237
297290424
40557407
265639120
154614158
29951703
109524386
208902535
256513968
133285856
41525503
27506666
297244898
297241476
242328575
58128954
272325215
58787796
158115013
56337282
297066080
49598883
231011355
293942193
189065864
59410133
297033130
297024657
15571798
107054406
297010845
36406836
269756602
15969569
296977321
213414028
32636772
296944725
291057283
49997023
135984396
230276157
111604080
216084125
296899040
296895595
296898720
18810357
156005991
43505315
269884849
296888204
272802108
278717557
43452780
241006314
46792874
296876827
270405417
23346488
296224193
158704984
296200377
167823362
18187348
292533609
270913561
89745227
219595157
193673844
25347809
147167001
149843105
241222409
158076473
47329447
25523116
242061138
4738231
82923990
24159142
248741787
149414708
217164921
60726087
66646973
225879550
17652472
253658548
252607476
234108634
281127920
33880197
181126326
33290097
277981902
63534456
23837132
111269952
293435878
255150502
292225898
26228282
164862576
291769368
282551606
218144120
219391667
266823362
266497034
82075280
192823817
116118254
169448391
18034687
250586848
281946117
286125660
174227166
275692058
102454727
204258049
96424424
14056916
156188729
193917478
198464612
139024261
205354251
157087608
240858976
110255107
178758817
1787401
226499121
556052455
